- 
  prate: 0.14321607351303
  volume: 0.81060606241226
  time_const: 0.64070349931717
  tdepth: 1
  tension: 0.62081515789032
  trate: 0.07534246891737
  pressure: 0.6676384806633
  pdepth: 1
- 
  prate: 0.14572864770889
  volume: 0.93939393758774
  time_const: 0.61055278778076
  tdepth: 1
  tension: 0.21615719795227
  trate: 0.23972602188587
  pressure: 0.25947523117065
  pdepth: 1
- 
  prate: 0.43969848752022
  volume: 0.87373739480972
  time_const: 0.77889448404312
  tdepth: 1
  tension: 0.12736535072327
  trate: 0.45662099123001
  pressure: 0.21137025952339
  pdepth: 0.80232560634613
- 
  prate: 0.33919596672058
  volume: 0.97727274894714
  time_const: 0.61557787656784
  tdepth: 0.56201553344727
  tension: 0.33770015835762
  trate: 0.35616439580917
  pressure: 0.19825072586536
  pdepth: 0.92829459905624
