- 
  prate: 0.14665831930554
  volume: 0
  time_const: 16306.183673495
  tdepth: 0.0058139536529779
  tension: 0.3291121006012
  trate: 0.30185049610648
  pressure: 0.31676386594772
  pdepth: 0.0077519379556179
- 
  prate: 0.38096012781508
  volume: 0
  time_const: 9366.3754250919
  tdepth: 0.0085271321237087
  tension: 0.25487627387047
  trate: 15.320444533871
  pressure: 0.24169095158577
  pdepth: 0.012790697813034
- 
  prate: 11.04564748967
  volume: 0
  time_const: 24296.6000971
  tdepth: 0.01511627882719
  tension: 0.67190681695938
  trate: 19.409352996446
  pressure: 0.56822155714035
  pdepth: 0.018604651093483
- 
  prate: 2.0872430772022
  volume: 0
  time_const: 9457.9236678822
  tdepth: 0.0077519379556179
  tension: 0.51761280298233
  trate: 0.34244156543928
  pressure: 0.50481050014496
  pdepth: 0.01046511605382
