- 
  prate: 5.3285403757066
  volume: 5.5909091234207
  time_const: 1690.8618042767
  tdepth: 0.12054263353348
  tension: 0.56346433162689
  trate: 2.1674860927236
  pressure: 0.522303211689
  pdepth: 0.11976743936539
- 
  prate: 3.5132061476532
  volume: 4.9848486185074
  time_const: 2353.595019105
  tdepth: 0.10503876209259
  tension: 0.49868993759155
  trate: 2.2725015410802
  pressure: 0.28979592323303
  pdepth: 0.13914728164673
- 
  prate: 2.1609686898972
  volume: 3.257575750351
  time_const: 9643.7133147943
  tdepth: 0.19186046123505
  tension: -0.047161576151848
  trate: 1.5563981839888
  pressure: 0.084256547689438
  pdepth: 0.19534883499146
- 
  prate: 6.913111526777
  volume: 2.545454621315
  time_const: 11050.537370502
  tdepth: 0.19224805831909
  tension: 0
  trate: 22.019403452005
  pressure: 0
  pdepth: 0.19108526706696
