- 
  prate: 5.3285403757066
  volume: 5.5909091234207
  time_const: 1690.8618042767
  tdepth: 0.12054263353348
  tension: 0.36331878900528
  trate: 2.1674860927236
  pressure: 0.19723032712936
  pdepth: 0.11976743936539
- 
  prate: 3.5132061476532
  volume: 4.9848486185074
  time_const: 12179.392616828
  tdepth: 0.10503876209259
  tension: 0.50596796274185
  trate: 2.2725015410802
  pressure: 0.48367344141006
  pdepth: 0.13914728164673
- 
  prate: 20.632314088729
  volume: 3.257575750351
  time_const: 9643.7133147943
  tdepth: 0.19186046123505
  tension: 0.55109171867371
  trate: 1.5563981839888
  pressure: 0.47274051904678
  pdepth: 0.18139535188675
- 
  prate: 6.913111526777
  volume: 2.545454621315
  time_const: 11050.537370502
  tdepth: 0.19224805831909
  tension: -0.050072786211967
  trate: 22.019403452005
  pressure: -0.14023323431611
  pdepth: 0.19108526706696
