- 
  prate: 0.14665831930554
  volume: 3.3181818723679
  time_const: 16306.183673495
  tdepth: 0.0058139536529779
  tension: 0.29563318490982
  trate: 0.30185049610648
  pressure: 0.34373174905777
  pdepth: 0.0077519379556179
- 
  prate: 0.38096012781508
  volume: 3.4090908765793
  time_const: 9366.3754250919
  tdepth: 0.0085271321237087
  tension: 0.23449780344963
  trate: 15.320444533871
  pressure: 0.25262390375137
  pdepth: 0.012790697813034
- 
  prate: 9.6136781187698
  volume: 1.3333333432674
  time_const: 24296.6000971
  tdepth: 0.01511627882719
  tension: 0.67190681695938
  trate: 19.409352996446
  pressure: 0.56822155714035
  pdepth: 0.012790697813034
- 
  prate: 2.0872430772022
  volume: 2.1969696879387
  time_const: 9457.9236678822
  tdepth: 0.0077519379556179
  tension: 0.51761280298233
  trate: 0.34244156543928
  pressure: 0.50481050014496
  pdepth: 0.01046511605382
