- 
  prate: 5.1467469486175
  volume: 1.1515151560307
  time_const: 14092.530398818
  tdepth: 0
  tension: -0.08864628970623
  trate: 0.05
  pressure: 0.13454811573029
  pdepth: 0.082558137178421
- 
  prate: 0.16560387457248
  volume: 6
  time_const: 2399.8283134635
  tdepth: 0.14767441749573
  tension: -0.12212518304586
  trate: 2.3826060051104
  pressure: 0.27594752907753
  pdepth: 0.024418604373932
- 
  prate: 9.6136781187698
  volume: 6
  time_const: 2644.9802347829
  tdepth: 0
  tension: -0.081368264555931
  trate: 0.050794807538361
  pressure: 0.23658891320229
  pdepth: 0.2
- 
  prate: 0.2186117589313
  volume: 0.24242424219847
  time_const: 3610.7516382193
  tdepth: 0.0143410846591
  tension: -0.14250363856554
  trate: 0.05
  pressure: 0.25262390375137
  pdepth: 0.2
